version https://git-lfs.github.com/spec/v1
oid sha256:0e0a55e0d835cc54fddcbd45c81b648857114d06937dc8509c8fc4f948a11ed2
size 4308
